750
8 15
518 525
67 101
885 929
217
22
775
401 402
313
330 345
654
960 982
105 114
31 44
755
184
438 447
831
559
477
331 359
826
493
551
813 817
882 911
222
514
869
350 355
815
609 622
272
943 952
845
712
431
744 795
820
109
521 543
629
626
893
347
98
967 996
567
596
198 226
171 172
40 80
162 169
20 27
127
553 581
591
513 522
423
756
341 344
150 153
984 49
70
246 248
335 337
615 619
450
81
462
707
832 858
206 214
381
848
230
616
971
286
103
624 664
140
457
267
692
765 770
390 428
3
387
138 231
65 76
305
407 414
416
332
778
200 243
833 835
802
410 422
723
372 392
287
211
925
155 195
50
183 204
630 631
890
899
458 461
259 285
657 684
894 995
64 68
730
736
316
889
288 338
163 168
896
494 537
585 590
28
176
614
7
963
4
823
460
784
884 898
874
424 444
991 993
304 307
572 583
35
383 394
265
516
268
435
677
144 147
47 61
425
194
467
178
839
779
455 482
769 774
111
290 336
997
998
761
24
125
951
742
406
210
245
289 339
771
560
216
298
446
19
661 721
862 872
63
505
302
367
151 165
179
225
393
859
296
166
504
329
10 26
659 673
136
474 528
487 498
810 818
469 470
419 466
796 797
949 957
382 405
520
867
767
260
92
250 266
964
605
41
349
133 137
902 916
865
669
968 974
45
760 794
816 871
821
921
365 373
324 363
408 409
320
102 123
803
764
741
611
348
702
888
706
814 837
682
501 503
584
412
6 18
849
627
959
720 731
209
471 511
255
247
262 263
763 805
158 161
694
722
978
399 417
252 273
202
468
126 160
791
220
480
745
451
773 781
377
271 280
986
55 59
128 143
852
95 96
753 758
906
48
935
740 751
597
517 563
850
716 726
800 808
841 853
620 665
124 146
743
73
931
750 783
732
283
636 637
251
256 386
857 866
658
691
317
357
351
107
448
914
323
923
932 956
90
314
34
536
309
644
325
638
915 937
297 321
77
793 806
203
21
860
5
948
235
519
379
854
240
371 388
801 825
612 625
333
430
507
190 207
497
275
552 586
334
506
132
594
830
502
623
397
950
908
391
924
443 490
89
878
829
16
452 454
697 705
851
843
236 270
881 912
670 686
182 188
93 115
475 481
432 484
880
922
729
812
777
148
411
257 269
714 735
38
575
970
876 930
891 903
709 710
975
82 85
374
205
958 965
193
994
141
122
43
14
464 529
25
602
680
56
593
110
780
164
515
569
645
652
856 873
663
604
713
306 322
961 981
728
533
71 116
973 12
436
196
834 838
607 608
662 675
413 415
941 946
186
276
42
491
942
228
328
671
776
173 199
312
51 88
798 892
352
668 676
678
747
524 617
562 571
939
840 846
113
242 249
156 157
112
711 715
688
129 134
879 920
545 577
233
358
509
557
799
453
966
315
212
556
989
342
39
135
944
534 547
977 988
311
326
667
378
53 54
962
538
23
544 674
621
772
733
364
473
360
566 573
483
154
561
108 118
947 953
369
632 633
433
910 928
139
508
574
807
74
100
918 919
279
704
174
121
201
724
189
824 828
119 131
281
221 253
917
642
192
1
819
679
759 789
2 46
532
499
227 244
895
695 737
827
300
754
926
564 568
647
500
159
370
404
546
149
33
361
277
254
718
598 600
580 599
855
542 548
145
768
979 0
62
576
229
170
746
106
531
649
734
75
239
738
634 635
955
219
278
938
479
293
489
650
292
648
698 717
440
719
29
646
985 999
790
976
690
486
97 104
353 375
681 689
804
299
603 696
465 478
11
69 86
368 376
319
234 238
421
117 175
356
933
683 685
788 883
429
550
99 130
30 32
354
983
177
787
792
439
909 940
565
786
672
809
380
687
282
303
261
472
725
907
785
901 904
886
708
9
60
197
887
693
213
441
232
400
748
526
554
987
656
258
167
208
17
727
463
905
13
606
91 94
847 861
52 72
969
340
284
739
540
592
346
842
442
78
811
420
274
318 327
301
437 459
927 934
863
142
655
700 752
389
822
992
641
308
589 618
187
936
120
492 495
766
456
900
418 427
870
875
570
241
972
699 749
181
58 66
237 264
844
757
539
396
555
541
185 191
310 395
83
701 703
643 653
87
218 223
639
215 224
610
291 295
640
877
913
864
294
488
523 558
588
868 897
510 535
613
496 512
549
954
398 403
579 582
37 57
578 587
530
836
945 980
152 180
485
660 666
79 84
362
445 449
476 527
343 384
366 385
426 434
990 36
762 782
601 628
595 651
